78987263223
78987250661
78987237491
78987223817
78987205392
78987191487
78987177695
78987163900
78985904087
78985894155
78985883722
78985873818
78985864071
78985850548
78985839310
78985829863
78985821090
78974130565
78974105642
78974102395
78974099104
78974094090
78974090829
78974086738
78974078060
78974074504
78974072163
78974065097
78974061415
78974057975
78974054987
78974051111
78974047198
78974041269
78974037371
78974032854
78974028291
78974023632
78974017911
78974013399
78974008554
78974002229
78973997250
78973993627
78973983543
78973978189
78973973583
78969059621
78969050427
78969036903
78956464438
78956461484
78956458060
78956454546
78956449309
78956444691
78956441064
78956434332
78956427760
78956418831
78956410585
78956399489
78956390748
78956383048
78956375992
78956371705
78956368217
78956364486
78955020812
78955009052
78954997272
78954988460
78954979644
78954970658
78954960822
78954948961
78954938763
78954926242
78954917031
78954908481
78954897503
78954884085
78954872997
78954856339
78954847395
78954836943
78954827594
78954820413
78954811308
78954801530
78954793272
78954781252
78954770396
78954759217
78954748091
78954737087
78954726646
78954717557
78942482766
78942471315
78942460000
78942448913
78942438289
78942428764
78942419710
78942408653
78942398938
78942389541
78942381527
78942373874
78942364892
78942355438
78942345940
78942338232
78942332226
78942326952
78942323446
78942314817
78942303286
78942288495
78942277197
78942265658
78942253469
78942240728
78942230336
78942221769
78942213303
78942204608
78942193342
78942183496
78942174438
78942165891
78942160287
78942153206
78942145796
78942138397
78942130044
78942122975
78942114180
78942105611
78942096206
78942086202
78942078082
78942069992
78942063804
78942057222
78942051270
78942045614
78942038970
78942032838
78942024659
78942019357
78942015841
78942009434
78941997373
78941986591
78941977881
78941968838
78941961050
78941950653
78941943034
78941931939
78941921508
78941912063
78941903033
78941895092
78941887398
78941880835
78941873273
78941864177
78941853146
78941844730
78941836609
78941826624
78941817817
78941810964
78941800299
78941791572
78941783250
78941775649
78941766332
78941754215
78941744487
78941736301
78941727508
78941718156
78941708841
78941701007
78941693162
78941684664
78941675746
78941665586
78941658399
78941648615
78941638835
78941628884
78941618379
78941609057
78941600977
78941593916
78941587066
78941580732
78941573245
78924823101
78924810493
78924797113
78924784823
78924772960
78924761165
78924752101
78924741729
78924731709
78924719745
78924708281
78924695608
78924683768
78924671692
78924658013
78924644031
78924630067
78924617771
78924604428
78924589581
78924573821
78893493088
78893484487
78893474932
78893466467
78893456096
78893448047
78893440423
78893432735
78893423700
78893415816
78893407935
78893399446
78892152511
78892144042
78892136199
78892130126
78892123409
78892115892
78892108282
78892099975
78892093155
78892085350
78892073046
78892063436
78892046339
78892034049
78892020884
78892010177
78892000712
78891990589
78891978649
78891968121
78891956600
78891943783
78891933109
78891921141
78891908563
78891894309
78891881877
78891870410
78891860110
78891848957
78891832739
78891820457
78891809075
78891797423
78891785681
78891772569
78891757982
78891745770
78891730198
78891716820
78891703616
78891689149
78891675926
78891666202
78891655072
78891644564
78891631514
78891614259
78891601572
78891587472
78891545573
78891532795
78891518580
78891504511
78891491316
78891478292
78891464665
78891451279
78891440034
78891429385
78891419797
78891408157
78891396111
78891384621
78891371902
78891361285
78891350079
78891341716
78891331861
78891322106
78891311063
78891300230
78891289819
78891280906
78891271687
78891261570
78891250871
78891240059
78891223624
78891212512
78891201721
78891191682
78891181908
78891173956
78872975920
78872966760
78872958175
78872949790
78872939371
78872927652
78872916186
78872904743
78872894306
78872883686
78872871893
78872861474
78872849949
78872841112
78872830147
78872824574
78872813527
78872795431
78872783611
78872773104
78872760445
78871828733
78871816839
78871806122
78871797780
78871789236
78871780010
78871771433
78871763224
78871755529
78871747950
78871726135
78871719281
78871710267
78871703994
78871693324
78871684243
78871674962
78871663977
78861355406
78861352542
78861349946
78861347995
78861344762
78861340099
78861336847
78861334092
78861330609
78861327550
78861324824
78861321843
78860751695
78860749168
78860746380
78860742902
78860739963
78860737613
78860736093
78860732552
78860726854
78869953538
78869952724
78869952755
78860712311
78860708917
78860705455
78860703107
78860700537
78860697579
78860694444
78860691363
78860685348
78860683286
78860680739
78860676194
78860672060
78860669370
78860666287
78869948929
78860658183
78860652395
78845942618
78845937212
78845930044
78845926081
78845921824
78845917438
78845913631
78845909381
78845906346
78845901689
78845896849
78845890107
78845885721
78845882342
78845876998
78845870958
78845866545
78845862868
78845857721
78845852990
78845848824
78845844765
78845839637
78845831440
78845826245
78845821460
78845817235
78845808949
78845800064
78845793037
78845785822
78845779342
78845775186
78845767994
78845762956
78845759380
78845755286
78845751425
78845748147
78845743237
78845736529
78845730780
78845725879
78845722459
78845718219
78845710100
78845705649
78845702138
78845698483
78845695292
78845691757
78845688089
78845685218
78845681584
78845675467
78845665190
78845655142
78845647133
78845643482
78845640946
78845638004
78845632010
78845623639
78844901428
78844896577
78844891467
78844886840
78844882083
78844877754
78844873792
78844870239
78844865423
78844860388
78844855184
78844851298
78844846792
78844841738
78844835194
78844830367
78844824375
78844817580
78844810640
78844803857
78844798843
78844794344
78844789947
78844785632
78844780777
78844775398
78844770429
78844743321
78844738500
78844732770
78844728014
78844722455
78844714937
78844709476
78844703475
78844695547
78844689099
78844683288
78844677773
78844670633
78844664664
78844658034
78844652506
78844644545
78844636495
78844628383
78844621682
78844616031
78844608651
78844601766
78844596797
78830054907
78830047137
78830038456
78830032353
78830025466
78830017976
78830012257
78830007263
78830002627
78829996565
78829989440
78829981097
78829972661
78829961936
78829953055
78829941577
78829931769
78829922431
78829914557
78829906549
78829898372
78829889159
78829879709
78829870059
78829860443
78829849577
78829839480
78829830779
78829823446
78829815898
78829808470
78829801860
78829795552
78829789153
78829784093
78829777197
78829770541
78829761257
78829751658
78829743249
78829733834
78829724556
78829717359
78829710044
78829701607
78817353066
78817344393
78817335557
78817327460
78817320216
78817310978
78817302911
78817295514
78817287751
78817276679
78817261995
78817251898
78817240030
78817230445
78817219525
78817209070
78817200468
78817188259
78817178815
78817167704
78817157694
78817148768
78817138535
78817131764
78817121852
78817112356
78817091661
78817077625
78817069569
78817059297
78817049327
78817038778
78817033433
78817025028
78817018541
78817009206
78816999332
78816990048
78816980414
78816972026
78816963945
78816955957
78816947999
78816940659
78816931838
78816920999
78816909726
78816898738
78816889072
78816879306
78816861055
78814814258
78814804138
78814794171
78814785153
78814774431
78814764912
78814755840
78814745980
78814736552
78814728590
78814720086
78814714265
78814701745
78814693003
78814683833
78814675052
78814667294
78814659645
78814651842
78814643155
78814634165
78814624423
78814615037
78814606159
78814596928
78814589605
78814581496
78814572515
78814562942
78814552335
78814540568
78814531242
78814520493
78814510047
78814498363
78814487299
78814476480
78814466235
78814456276
78814446456
78814410705
78814400110
78814391264
78814380976
78814371050
78814357434
78814345512
78814334768
78814325831
78814318025
78814306869
78812582518
78812563389
78812555019
78812546619
78812537444
78812527204
78812517367
78812508718
78812499676
78812487705
78812474726
78812463709
78812453767
78812445149
78812434947
78812426773
78812418663
78812411122
78812403641
78812395348
78812388095
78812380966
78812373861
78812366038
78812357927
78812348048
78812339351
78812331589
78812323483
78812315045
78812305415
78812296995
78812287270
78812278287
78812268633
78812260191
78812250601
78812241944
78812233052
78868578698
78868578839
78812216483
78868578548
78812215202
78812197027
78812174155
78812165522
78812156302
78812143651
78812133190
78812122128
78785532206
78785523770
78785514389
78785506916
78785498114
78785487950
78785474421
78785464133
78785458219
78797246056
78797245964
78797244541
78785429236
78785421823
78785413335
78785406397
78785397013
78785387254
78785377178
78785366342
78785357604
78785348513
78785339728
78785331380
78785323283
78785315286
78785307791
78785299710
78785291893
78785281099
78797232385
78797232074
78797231293
78797231414
78797230763
78797229926
78785219683
78797229537
78797229385
78797229194
78797228864
78797228026
78797228547
78797227614
78797227374
78797226788
78797225634
78797225498
78781183876
78781175042
78781167064
78781158273
78781146857
78781135962
78781126138
78781115710
78781107065
78781098024
78781089549
78781082459
78781073545
78781064855
78781055443
78781045221
78781036854
78780969688
78780956233
78780944374
78780934034
78780925030
78780915076
78780903873
78780892844
78780882956
78780872139
78780860964
78780851899
78780840552
78780829398
78780820002
78780809559
78780800461
78780788653
78780779586
78780771448
78780760239
78780752845
78780745524
78780736301
78780726676
78780716649
78780706527
78780697535
78769561801
78769552474
78769541157
78769531534
78769521843
78769511144
78769494611
78769485936
78769477900
78769469624
78769458556
78769449259
78769439921
78769431081
78769422536
78769413222
78769399052
78769388902
78769381643
78769373430
78769364910
78769355299
78769345403
78769334343
78769322596
78769313955
78769305712
78769298302
78769288916
78769279112
78769271352
78769254133
78769247598
78769240790
78769233353
78769224701
78769216045
78769206016
78769196418
78769187784
78769179939
78769172417
78769161424
78769150610
78769142270
78769134955
78769128327
78769121678
78769113447
78769104521
78769097051
78767156046
78767147765
78767142166
78767134891
78767132702
78767119531
78767111335
78767102715
78767094144
78767067651
78767058449
78767048534
78767039609
78767030135
78767020164
78767009152
78766999236
78766988334
78766977978
78766967413
78766957125
78766947232
78766935440
78766923399
78766911289
78766901552
78766890622
78766882589
78766871603
78766859871
78766849207
78766839317
78766830554
78766819437
78766804990
78766789987
78766776428
78766759881
78766742621
78766728269
78766717329
78766706969
78766695442
78766681494
78766668511
78766654545
78766649122
78766632757
78766614697
78766603828
78766585077
78754699235
78754690962
78754682165
78754674157
78754664428
78754657848
78754652200
78754645736
78754638911
78754631191
78754623939
78754616322
78754608353
78754601627
78754593890
78754587588
78754577876
78754570892
78754562375
78754555828
78754549656
78754543532
78754537102
78754529380
78754520806
78754513670
78754507666
78754500584
78754492506
78754485626
78754478738
78754470145
78754461655
78754454695
78754447940
78754440375
78754431650
78754424879
78754419076
78754413506
78754406514
78754398323
78754390896
78754383302
78754374821
78754365252
78754356706
78754348771
78754341017
78754332124
78754324334
78752540907
78752531196
78752520959
78752510513
78752500970
78752489192
78752477920
78752467931
78752459707
78752448069
78752438302
78752428857
78752420728
78752412758
78752403669
78752394545
78752385793
78752376238
78752364952
78752356422
78752349247
78752342196
78752334047
78752325027
78752316977
78752305520
78752296340
78752286592
78752278056
78752268421
78752258820
78752248141
78752237305
78752228535
78752218750
78752208983
78752158311
78752149565
78752142196
78752133974
78752125636
78752117834
78752108889
78752099135
78752091365
78752081985
78752073809
78752064927